name: camera1_params
camera_setup: overhead_view
serial_number: 18080264
camera_intrinsic_parameters: [[5074.887244656572,0.0,2651.236256496624],[0.0,5066.186708845025,1744.050554198541],[0.0,0.0,1.0]]
distCoeff: [-0.1187,0.1812,0.0,0.0,0.0]
relative_camera_orientation: [[0.000975263448220,   0.000069499632320,  -0.000033023544410], [0.000066196944517,  -0.000969646304964,   0.000001760757519], [-0.000016617231095,  0.000043453675311,  -0.001032987961443], [0.305224522383314 ,-2.335611925247221  ,  3.270699253894474 ]]
relative_camera_position: [[-0.010269108963428,  -0.998397570726077,  -0.055649224337503],[-0.004814795870808,   0.055700883299467,  -0.998435891452417],[0.999935679502347,  -0.009985107306768,  -0.005379078940918]]
